0 0 0.08234574
1 0 0.081991486
2 0 0.081606716
3 0 0.08153201
4 0 0.08148611
5 0 0.08115334
6 0 0.08095705
7 0 0.08087014
8 0 0.0809966
9 0 0.08084377
10 0 0.080926046
11 0 0.080990985
12 0 0.08093215
13 0 0.08102395
14 0 0.08098854
15 0 0.08098146
16 0 0.08107839
17 0 0.08110427
18 0 0.08116018
19 0 0.081186056
20 0 0.081199974
20 1 0.08121926
19 1 0.08121169
18 1 0.081193626
17 1 0.08130935
16 1 0.08134988
15 1 0.08138235
14 1 0.08140652
13 1 0.08141482
12 1 0.08132009
11 1 0.081529565
10 1 0.08169803
9 1 0.081665315
8 1 0.081387475
7 1 0.08152078
6 1 0.081484154
5 1 0.08140896
4 1 0.08152664
3 1 0.08138479
2 1 0.0813887
1 1 0.08139944
0 1 0.08142947
0 2 0.08138577
1 2 0.08142971
2 2 0.0812698
3 2 0.08114626
4 2 0.08107473
5 2 0.08105324
6 2 0.08084401
7 2 0.08069142
8 2 0.080536634
9 2 0.080466315
10 2 0.08031227
11 2 0.08039503
12 2 0.08045045
13 2 0.080585465
14 2 0.08066603
15 2 0.08081129
16 2 0.08086452
17 2 0.08092018
18 2 0.08099148
19 2 0.08122732
20 2 0.081245385
20 3 0.08122341
19 3 0.08116359
18 3 0.08130715
17 3 0.081408225
16 3 0.081499785
15 3 0.08146902
14 3 0.08139675
13 3 0.08141287
12 3 0.081382595
11 3 0.08144485
10 3 0.081412375
9 3 0.08144705
8 3 0.08141189
7 3 0.08134036
6 3 0.08132595
5 3 0.08131325
4 3 0.08125491
3 3 0.08125588
2 3 0.081202656
1 3 0.08115505
0 3 0.0811426
0 4 0.08104836
1 4 0.08099416
2 4 0.08099221
3 4 0.08093898
4 4 0.08096291
5 4 0.080938496
6 4 0.08095265
7 4 0.081057884
8 4 0.08110012
9 4 0.08120095
10 4 0.081208766
11 4 0.08125539
12 4 0.081330344
13 4 0.08146658
14 4 0.08128982
15 4 0.08125002
16 4 0.08100295
17 4 0.08113357
18 4 0.0810486
19 4 0.081080586
20 4 0.081056416
20 5 0.081075214
19 5 0.08118508
18 5 0.08113552
17 5 0.08122585
16 5 0.08127615
15 5 0.0812864
14 5 0.081204854
13 5 0.081156515
12 5 0.08116799
11 5 0.08124001
10 5 0.08148977
9 5 0.08159939
8 5 0.081626736
7 5 0.081523955
6 5 0.081308864
5 5 0.08110622
4 5 0.08089626
3 5 0.08085158
2 5 0.08081544
1 5 0.08072853
0 5 0.08064455
0 6 0.08052711
1 6 0.080446295
2 6 0.08034962
3 6 0.08049952
4 6 0.08086305
5 6 0.0816697
6 6 0.0805796
7 6 0.08100881
8 6 0.081968054
9 6 0.083492
10 6 0.08502864
11 6 0.08606235
12 6 0.086381935
13 6 0.08557553
14 6 0.08440241
15 6 0.083482236
16 6 0.08275517
17 6 0.08202469
18 6 0.081592314
19 6 0.08129323
20 6 0.08109353
20 7 0.08104665
19 7 0.08101808
18 7 0.081159934
17 7 0.08120461
16 7 0.081125505
15 7 0.08117849
14 7 0.0817222
13 7 0.08296709
12 7 0.0850743
11 7 0.08718883
10 7 0.08893984
9 7 0.0896918
8 7 0.089236476
7 7 0.08765588
6 7 0.08571518
5 7 0.0836087
4 7 0.08217875
3 7 0.08105251
2 7 0.08035572
1 7 0.07985352
0 7 0.07963452
0 8 0.07960937
1 8 0.07967407
2 8 0.079695314
3 8 0.07963427
4 8 0.07970117
5 8 0.08011621
6 8 0.08159036
7 8 0.08472542
8 8 0.09110418
9 8 0.09894317
10 8 0.10360266
11 8 0.104518935
12 8 0.103710815
13 8 0.10351965
14 8 0.10001569
15 8 0.09520482
16 8 0.092229925
17 8 0.08965249
18 8 0.0876842
19 8 0.08584091
20 8 0.08438752
20 9 0.08373907
19 9 0.082805224
18 9 0.08208524
17 9 0.08172928
16 9 0.0817493
15 9 0.084055975
14 9 0.086013764
13 9 0.090847336
12 9 0.09717751
11 9 0.104357556
10 9 0.10949484
9 9 0.11133081
8 9 0.110844955
7 9 0.10742254
6 9 0.10247886
5 9 0.09684474
4 9 0.09219526
3 9 0.08881557
2 9 0.0861251
1 9 0.084198795
0 9 0.08284477
0 10 0.082241245
1 10 0.08213651
2 10 0.08203714
3 10 0.08199246
4 10 0.08219852
5 10 0.0835235
6 10 0.08804798
7 10 0.095495604
8 10 0.10391883
9 10 0.1126526
10 10 0.115326956
11 10 0.11670344
12 10 0.116368726
13 10 0.114360884
14 10 0.11357229
15 10 0.10647844
16 10 0.10228257
17 10 0.099132374
18 10 0.096429944
19 10 0.093717255
20 10 0.091205984
20 11 0.09001822
19 11 0.08806067
18 11 0.08633091
17 11 0.08525619
16 11 0.08541268
15 11 0.08896474
14 11 0.090117835
13 11 0.092670366
12 11 0.1042892
11 11 0.1124402
10 11 0.11653376
9 11 0.1181688
8 11 0.11814609
7 11 0.11528521
6 11 0.11022654
5 11 0.1047311
4 11 0.09876494
3 11 0.09397434
2 11 0.089996494
1 11 0.08718322
0 11 0.08499007
0 12 0.083891176
1 12 0.083465636
2 12 0.083069384
3 12 0.08261259
4 12 0.08260136
5 12 0.08444099
6 12 0.089084126
7 12 0.09434226
8 12 0.10156259
9 12 0.10916793
10 12 0.113839634
11 12 0.115588196
12 12 0.115566954
13 12 0.11456328
14 12 0.11162085
15 12 0.1079997
16 12 0.105173975
17 12 0.10245274
18 12 0.09971735
19 12 0.09714089
20 12 0.09438914
20 13 0.09296065
19 13 0.09066301
18 13 0.08854481
17 13 0.08722497
16 13 0.08735168
15 13 0.09094109
14 13 0.09456444
13 13 0.09931792
12 13 0.103887334
11 13 0.1079477
10 13 0.11106786
9 13 0.11223951
8 13 0.11129345
7 13 0.10790595
6 13 0.10377283
5 13 0.09914165
4 13 0.09475267
3 13 0.09125847
2 13 0.08844862
1 13 0.0863104
0 13 0.08494026
0 14 0.0841363
1 14 0.08367731
2 14 0.083495416
3 14 0.083320126
4 14 0.08296758
5 14 0.08306743
6 14 0.084585525
7 14 0.08714537
8 14 0.09148895
9 14 0.095756106
10 14 0.0995462
11 14 0.10203843
12 14 0.103193715
13 14 0.10339123
14 14 0.103370234
15 14 0.10286022
16 14 0.10186899
17 14 0.10049861
18 14 0.09881841
19 14 0.09668019
20 14 0.09463426
20 15 0.09303292
19 15 0.09083635
18 15 0.088904925
17 15 0.087636106
16 15 0.087267935
15 15 0.08850819
14 15 0.09163739
13 15 0.09493212
12 15 0.09834428
11 15 0.100925125
10 15 0.102344826
9 15 0.10262584
8 15 0.10149276
7 15 0.09894634
6 15 0.09568848
5 15 0.09234614
4 15 0.08939956
3 15 0.08688097
2 15 0.08503304
1 15 0.08396076
0 15 0.08329644
0 16 0.08302129
1 16 0.08283769
2 16 0.082629435
3 16 0.082452185
4 16 0.08231107
5 16 0.08219584
6 16 0.082126014
7 16 0.08209696
8 16 0.08298638
9 16 0.0846009
10 16 0.08676793
11 16 0.08869643
12 16 0.0901901
13 16 0.091238216
14 16 0.09196869
15 16 0.092317574
16 16 0.092330515
17 16 0.092039004
18 16 0.091363706
19 16 0.09048405
20 16 0.08930019
20 17 0.08841297
19 17 0.08665465
18 17 0.08556454
17 17 0.084817946
16 17 0.08458845
15 17 0.08487093
14 17 0.085719086
13 17 0.087121695
12 17 0.08843983
11 17 0.089337796
10 17 0.08951846
9 17 0.089021385
8 17 0.087812625
7 17 0.086239845
6 17 0.08472322
5 17 0.08345318
4 17 0.082645796
3 17 0.082195595
2 17 0.081994906
1 17 0.08191947
0 17 0.08189481
0 18 0.081787385
1 18 0.08170828
2 18 0.08160989
3 18 0.081578396
4 18 0.08154373
5 18 0.08156228
6 18 0.08157913
7 18 0.081597924
8 18 0.08162625
9 18 0.081707306
10 18 0.08181033
11 18 0.08207328
12 18 0.08243803
13 18 0.0829041
14 18 0.08344757
15 18 0.08392584
16 18 0.084120914
17 18 0.0842486
18 18 0.08425031
19 18 0.084027655
20 18 0.08380939
20 19 0.083202444
19 19 0.082794964
18 19 0.08262505
17 19 0.08250151
16 19 0.082551554
15 19 0.08259916
14 19 0.082705855
13 19 0.08281108
12 19 0.08297856
11 19 0.0830501
10 19 0.082947806
9 19 0.08256059
8 19 0.08217484
7 19 0.08166849
6 19 0.081310816
5 19 0.081091814
4 19 0.08094802
3 19 0.080995135
2 19 0.080934584
1 19 0.0809446
0 19 0.081064716
0 20 0.08102321
1 20 0.08100075
2 20 0.08090578
3 20 0.080850355
4 20 0.08073293
5 20 0.08076564
6 20 0.080817156
7 20 0.08077907
8 20 0.08074977
9 20 0.08080348
10 20 0.08071754
11 20 0.08080104
12 20 0.08079884
13 20 0.08090846
14 20 0.08091261
15 20 0.08110622
16 20 0.08122072
17 20 0.08135305
18 20 0.08131619
19 20 0.08140627
20 20 0.08139749
